1 2 158.8 727 1012
1 2 158.8 2167 2452
1 2 158.8 3607 3892
1 3 387.3 204 1381
1 3 387.3 1644 2821
1 3 387.3 3084 4202
1 4 51 1276 1368
1 4 51 2716 2808
1 4 51 4156 4248
1 5 87 125 789
1 5 87 1565 2229
1 5 87 3005 3669
2 1 158.8 1095 1253
2 1 158.8 2535 2693
2 1 158.8 3975 4133
2 3 103.4 1428 2103
2 3 103.4 2868 3543
2 4 217.3 1154 1503
2 4 217.3 2594 2943
2 5 48 2569 3489
3 1 387.1 804 1261
3 1 387.1 2244 2701
3 1 387.1 3684 4141
3 2 103.4 1068 1143
3 2 103.4 2508 2583
3 2 103.4 3948 4023
3 4 71.1 818 1044
3 4 71.1 2258 2484
3 4 71.1 3698 3924
3 5 64 1035 2154
3 5 64 2475 3594
4 1 51 1325 2157
4 1 51 2765 3597
4 2 217.3 914 1263
4 2 217.3 2354 2703
4 2 217.3 3794 4143
4 3 71.1 158 1104
4 3 71.1 1598 2544
4 3 71.1 3038 3984
4 5 49 3158 4105
5 1 87 4125 4215
5 2 48 1467 2015
5 2 48 2907 3455
5 3 64 849 1465
5 3 64 2289 2905
5 4 49 721 2987