1 2 158 727 1012
1 2 158 2167 2452
1 2 158 3607 3892
1 3 387 204 1381
1 3 387 1644 2821
1 3 387 3084 4202
1 4 51 1276 1368
1 4 51 2716 2808
1 4 51 4156 4248
2 1 158 1095 1253
2 1 158 2535 2693
2 1 158 3975 4133
2 3 103 1428 2103
2 3 103 2868 3543
2 4 217 1154 1503
2 4 217 2594 2943
3 1 387 804 1261
3 1 387 2244 2701
3 1 387 3684 4141
3 2 103 1068 1143
3 2 103 2508 2583
3 2 103 3948 4023
3 4 71 818 1044
3 4 71 2258 2484
3 4 71 3698 3924
4 1 51 1325 2157
4 1 51 2765 3597
4 2 217 914 1263
4 2 217 2354 2703
4 2 217 3794 4143
4 3 71 158 1104
4 3 71 1598 2544
4 3 71 3038 3984